<<<<<<< HEAD
=======
# dit is 1 + 2
c <- 1 + 2

# hier pak ik de value van c en doe hem keer 3
a <- c * 3
>>>>>>> bb8ed58e116e463c27471da85ade7530d86190cd

